Options (
    Dimension 3
    MeshSize 2.8575 2.8575 4.953
    Albedo 0 0 0 0 0.5 0.5 

);

Geometry (
    NodeNum   1 1 16
    xNodeSize 28.575
	yNodeSize 28.575
   	zNodeSize 49.53 49.53 49.53 49.53 49.53 49.53 49.53 49.53 49.53 49.53 49.53 49.53 49.53 49.53 49.53 49.53
  
    NodeType 
    1
      12 12 0 1 2 3 4 5 6 7 8 9 10 11 12 12
      
   Configuration 
       0 
);

CXLibrary (
   CXTableNum 13
				CXTable 0 (
		 DiffCoeff	 3.463048e+01 2.127485e+01
		 SigAbs	 1.380302e-03 1.976070e-03
		 nuSigFis	 8.686410e-04 4.217270e-03
		 SigChi	 1.000000e+00 0.000000e+00
		 SigSca	 3.185940e-01 9.190400e-03
 						 6.780670e-05 4.433430e-01
		 );
		 CXTable 1 (
		 DiffCoeff	 1.328369e+00 8.696289e-01
		 SigAbs	 1.377819e-03 1.975960e-03
		 nuSigFis	 8.781410e-04 4.215950e-03
		 SigChi	 1.000000e+00 0.000000e+00
		 SigSca	 3.185210e-01 9.044110e-03
 						 6.567000e-05 4.435480e-01
		 );
		 CXTable 2 (
		 DiffCoeff	 1.171345e+00 8.187509e-01
		 SigAbs	 1.375448e-03 1.974830e-03
		 nuSigFis	 8.770490e-04 4.213020e-03
		 SigChi	 1.000000e+00 0.000000e+00
		 SigSca	 3.185350e-01 9.052100e-03
 						 6.579660e-05 4.435630e-01
		 );
		 CXTable 3 (
		 DiffCoeff	 1.321486e+00 8.605537e-01
		 SigAbs	 1.377288e-03 1.976230e-03
		 nuSigFis	 8.771990e-04 4.216700e-03
		 SigChi	 1.000000e+00 0.000000e+00
		 SigSca	 3.185190e-01 9.054200e-03
 						 6.589720e-05 4.435460e-01
		 );
		 CXTable 4 (
		 DiffCoeff	 1.499069e+00 8.582511e-01
		 SigAbs	 1.375524e-03 1.976530e-03
		 nuSigFis	 8.780770e-04 4.217780e-03
		 SigChi	 1.000000e+00 0.000000e+00
		 SigSca	 3.185160e-01 9.053560e-03
 						 6.567690e-05 4.435530e-01
		 );
		 CXTable 5 (
		 DiffCoeff	 1.231782e+00 9.610023e-01
		 SigAbs	 1.376267e-03 1.976020e-03
		 nuSigFis	 8.772020e-04 4.216330e-03
		 SigChi	 1.000000e+00 0.000000e+00
		 SigSca	 3.185130e-01 9.058420e-03
 						 6.578090e-05 4.435640e-01
		 );
		 CXTable 6 (
		 DiffCoeff	 1.531342e+00 8.619975e-01
		 SigAbs	 1.376238e-03 1.976360e-03
		 nuSigFis	 8.777700e-04 4.217220e-03
		 SigChi	 1.000000e+00 0.000000e+00
		 SigSca	 3.185120e-01 9.048700e-03
 						 6.564440e-05 4.435590e-01
		 );
		 CXTable 7 (
		 DiffCoeff	 1.292651e+00 8.855561e-01
		 SigAbs	 1.377379e-03 1.976470e-03
		 nuSigFis	 8.781490e-04 4.217400e-03
		 SigChi	 1.000000e+00 0.000000e+00
		 SigSca	 3.185060e-01 9.057630e-03
 						 6.578840e-05 4.435630e-01
		 );
		 CXTable 8 (
		 DiffCoeff	 1.363177e+00 9.010815e-01
		 SigAbs	 1.375277e-03 1.975270e-03
		 nuSigFis	 8.769640e-04 4.214210e-03
		 SigChi	 1.000000e+00 0.000000e+00
		 SigSca	 3.185040e-01 9.055580e-03
 						 6.542770e-05 4.435620e-01
		 );
		 CXTable 9 (
		 DiffCoeff	 1.406351e+00 8.789067e-01
		 SigAbs	 1.374262e-03 1.975830e-03
		 nuSigFis	 8.771310e-04 4.215650e-03
		 SigChi	 1.000000e+00 0.000000e+00
		 SigSca	 3.185110e-01 9.050710e-03
 						 6.609600e-05 4.435570e-01
		 );
		 CXTable 10 (
		 DiffCoeff	 1.649918e+00 8.812197e-01
		 SigAbs	 1.377024e-03 1.976900e-03
		 nuSigFis	 8.773640e-04 4.218720e-03
		 SigChi	 1.000000e+00 0.000000e+00
		 SigSca	 3.184940e-01 9.053400e-03
 						 6.590830e-05 4.435500e-01
		 );
		 CXTable 11 (
		 DiffCoeff	 3.444422e+01 2.147690e+01
		 SigAbs	 1.380311e-03 1.977280e-03
		 nuSigFis	 8.696430e-04 4.220540e-03
		 SigChi	 1.000000e+00 0.000000e+00
		 SigSca	 3.185640e-01 9.194110e-03
 						 6.848640e-05 4.432890e-01
		 );
		 CXTable 12 (
		 DiffCoeff	1.2611338E+00 8.2511480E-01
		 SigAbs	 		4.91320315632E-06	5.20854628121E-05
		 nuSigFis	 	0	0
		 SigChi	   	0	0
		 SigSca			0	1.64126735181E-02
 						 		1.81945451914E-05	0
		 );

);