Options (
    Dimension 3
    MeshSize 10 10 20
    Albedo 0 0.4692 0 0.4692 0.4692 0.4692
    omega 1.2
    Method SOR
);

Geometry (
    NodeNum   17 17 19	
    xNodeSize 10 10 10 10 10 10 10 10 10 10 10 10 10 10 10 10 10 
	  yNodeSize 10 10 10 10 10 10 10 10 10 10 10 10 10 10 10 10 10 
   	zNodeSize 20 20 20 20 20 20 20 20 20 20 20 20 20 20 20 20 20 20 20
  
    NodeType 
    5
      4	3	3	3	3	3	3	3	3	3	3	3	3	3	3	3	3	3	0
      4	2	2	2	2	2	2	2	2	2	2	2	2	2	3	3	3	3	0
      4	2	2	2	2	2	2	2	2	2	2	2	2	2	2	2	2	2	4
      4	1	1	1	1	1	1	1	1	1	1	1	1	1	1	1	1	1	4
      4	4	4	4	4	4	4	4	4	4	4	4	4	4	4	4	4	4	4
   
   Configuration 
0	2	2	2	2	2	2	0	0	2	2	2	2	3	3	4	4
2	2	2	2	2	2	2	2	2	2	2	2	2	3	3	4	4
2	2	2	2	2	2	2	2	2	2	2	2	2	3	3	4	4
2	2	2	1	1	2	2	2	2	2	2	3	3	3	3	4	4
2	2	2	1	1	2	2	2	2	2	2	3	3	3	3	4	4
2	2	2	2	2	2	2	2	2	2	2	3	3	4	4	4	4
2	2	2	2	2	2	2	2	2	2	2	3	3	4	4	4	4
0	2	2	2	2	2	2	0	0	3	3	3	3	4	4	.	.
0	2	2	2	2	2	2	0	0	3	3	3	3	4	4	.	.
2	2	2	2	2	2	2	3	3	3	3	4	4	4	4	.	.
2	2	2	2	2	2	2	3	3	3	3	4	4	4	4	.	.
2	2	2	3	3	3	3	3	3	4	4	4	4	.	.	.	.
2	2	2	3	3	3	3	3	3	4	4	4	4	.	.	.	.
3	3	3	3	3	4	4	4	4	4	4	.	.	.	.	.	.
3	3	3	3	3	4	4	4	4	4	4	.	.	.	.	.	.
4	4	4	4	4	4	4	.	.	.	.	.	.	.	.	.	.
4	4	4	4	4	4	4	.	.	.	.	.	.	.	.	.	.
);

CXLibrary (
    CXTableNum 5
	 CXTable 1 (
      DiffCoeff   1.5E+00 4.0E-01
      SigAbs      1.0E-02 8.0E-02
      nuSigFis    0.0E+00 1.35E-01
      SigChi      1.0E-00 0.0E+00
      SigSca      0.0E-00 2.0E-02
                  0.0E-00 0.0E-00
    );
   CXTable 2 (
      DiffCoeff   1.5E+00 4.0E-01
      SigAbs      1.0E-02 8.5E-02
      nuSigFis    0.0E+00 1.35E-01
      SigChi      1.0E+00 0.0E+00
      SigSca      0.0E-00 2.0E-02
                  0.0E-00 0.0E-00
   );
   CXTable 3 (
      DiffCoeff   1.5E+00 4.0E-01
      SigAbs      1.0E-02 1.3E-01
      nuSigFis    0.0E+00 1.35E-01
      SigChi      1.0E+00 0.0E+00
      SigSca      0.0E-00 2.0E-02
                  0.0E-00 0.0E-00
   );
   CXTable 4 (
      DiffCoeff   2.0E+00 3.0E-01
      SigAbs      0.0E+00 1.0E-02
      nuSigFis    0.0E+00 0.0E+00
      SigChi      0.0E+00 0.0E+00
      SigSca      0.0E-00 4.0E-02
                  0.0E-00 0.0E-00
   );
   CXTable 0 (
      DiffCoeff   2.0E+00 3.0E-01
      SigAbs      0.0E+00 5.5E-02
      nuSigFis    0.0E+00 0.0E+00
      SigChi      0.0E+00 0.0E+00
      SigSca      0.0E-00 4.0E-02
                  0.0E-00 0.0E-00
   );
);